v0 = 20;
Aeq = [1 0 0 0 0 -v0;0 1 0 0 0 -v0;0 0 1 0 0 0;0 0 0 1 0 0];
beq = [0 0 0 0]';
x = [50 50 0 0 100 4]';